199 30 30
14 23 0
20 19 1
5 7 2
8 24 3
2 21 3
13 13 3
20 28 3
23 26 3
7 11 3
24 22 3
22 28 3
16 6 3
1 22 3
20 16 3
6 1 3
8 12 3
17 4 3
28 6 3
11 3 3
7 2 3
26 24 3
25 7 3
16 13 3
28 15 3
8 23 3
25 1 3
11 5 3
27 1 3
22 18 3
6 19 3
2 1 3
20 25 3
1 19 3
1 10 3
21 20 3
23 2 3
26 27 3
9 4 3
12 8 3
17 10 3
15 3 3
18 11 3
11 12 3
13 19 3
28 1 3
12 13 3
15 12 3
26 2 3
4 19 3
14 2 3
8 28 3
11 24 3
1 24 3
22 27 3
6 25 3
18 26 3
2 14 3
16 22 3
9 28 3
4 9 3
2 2 3
28 20 3
23 27 3
19 9 3
8 9 3
19 6 3
18 7 3
3 4 3
8 11 3
6 26 3
14 25 3
10 8 3
14 1 3
4 16 3
28 4 3
16 25 3
8 10 3
3 21 3
3 3 3
9 9 3
19 18 3
8 19 3
13 17 3
3 9 3
28 17 3
28 13 3
15 13 3
27 18 3
16 1 3
8 6 3
16 16 3
10 9 3
6 9 3
4 4 3
4 10 3
26 6 3
9 17 3
2 10 3
24 11 3
25 25 3
27 25 3
21 2 3
15 2 3
18 14 3
9 25 3
6 3 3
26 10 3
2 15 3
25 24 3
19 27 3
9 16 3
24 28 3
22 20 3
23 3 3
12 24 3
27 3 3
19 19 3
9 3 3
14 21 3
27 17 3
1 16 3
19 10 3
27 19 3
20 7 3
22 7 3
26 1 3
3 28 3
5 12 3
4 28 3
28 27 3
15 6 3
1 18 3
28 16 3
28 23 3
16 19 3
7 28 3
13 4 3
26 15 3
15 8 3
26 4 3
23 16 3
1 26 3
24 25 3
6 20 3
2 25 3
6 15 3
14 15 3
3 5 3
4 24 3
20 3 3
27 23 3
5 15 3
7 25 3
17 2 3
26 26 3
28 8 3
17 27 3
13 27 3
1 1 3
28 25 3
24 6 3
16 26 3
3 11 3
23 8 3
6 13 3
