174 20 40
14 12 0
4 4 1
18 28 2
2 28 3
15 34 3
12 15 3
9 35 3
16 36 3
5 27 3
16 15 3
4 13 3
17 9 3
7 37 3
12 17 3
4 29 3
7 23 3
8 5 3
14 27 3
7 3 3
6 34 3
17 32 3
5 13 3
14 20 3
13 8 3
10 21 3
3 13 3
18 27 3
17 11 3
14 17 3
9 20 3
12 20 3
11 30 3
11 2 3
7 11 3
10 38 3
18 4 3
6 11 3
15 21 3
16 11 3
8 36 3
10 23 3
15 13 3
7 14 3
18 10 3
14 24 3
11 11 3
10 11 3
10 34 3
9 13 3
17 18 3
4 35 3
5 18 3
9 4 3
2 16 3
1 28 3
16 10 3
3 21 3
8 10 3
18 20 3
6 10 3
4 8 3
16 1 3
13 35 3
9 31 3
9 17 3
16 14 3
9 27 3
7 30 3
14 8 3
4 30 3
14 11 3
8 24 3
2 21 3
8 15 3
11 36 3
8 38 3
3 4 3
4 34 3
15 20 3
17 31 3
13 36 3
13 30 3
10 18 3
11 7 3
10 36 3
6 19 3
3 16 3
1 29 3
17 36 3
15 4 3
12 1 3
10 7 3
1 38 3
5 3 3
12 5 3
3 15 3
18 16 3
12 8 3
4 22 3
18 6 3
15 32 3
4 23 3
9 8 3
14 7 3
10 28 3
7 26 3
17 17 3
15 22 3
12 21 3
13 9 3
13 22 3
4 7 3
15 16 3
8 11 3
6 3 3
1 19 3
15 3 3
18 13 3
1 30 3
5 36 3
4 21 3
16 32 3
9 1 3
10 6 3
18 22 3
4 17 3
4 19 3
4 24 3
8 25 3
7 15 3
11 13 3
2 33 3
2 17 3
2 3 3
10 33 3
10 31 3
12 10 3
7 7 3
13 24 3
17 21 3
8 37 3
9 19 3
1 2 3
18 2 3
5 35 3
18 19 3
7 13 3
8 35 3
15 7 3
12 36 3
6 14 3
10 13 3
7 36 3
17 34 3
12 35 3
9 21 3
16 25 3
5 5 3
17 23 3
13 3 3
15 8 3
11 38 3
14 14 3
4 14 3
11 17 3
12 7 3
15 12 3
1 15 3
17 8 3
6 16 3
1 8 3
17 28 3
18 1 3
9 23 3